	GMRF Skyride: HH_strictsubset.fna.log			
Time	Mean	Median	Upper	Lower
1958.0	29.799231716007153	23.399169494843406	96.42314486417118	3.872694573308442
1957.811561551041	29.74524184420244	23.494247230975038	94.11329692070264	4.523118458938952
1957.623123102082	29.65642020154907	23.61405758681155	91.35883034601525	4.751871294177225
1957.434684653123	29.588963612289444	23.788742243179247	90.07320617662249	4.814870483885324
1957.246246204164	29.535937573998318	23.878605990699004	89.53463167668075	4.805244671206033
1957.057807755205	29.50937039949171	23.890323511374095	90.17393933366152	4.7371658377549455
1956.869369306246	29.57726077080495	23.914372354896106	89.42537588479786	4.708799722632104
1956.680930857287	29.94197359382186	24.413030702204434	89.05002297659914	5.070617379044848
1956.492492408328	30.581712653446587	25.282343644624273	88.2458747667631	5.600362814184793
1956.304053959369	31.65515121338485	26.329545765821326	89.66767244667109	6.747524659405407
1956.11561551041	33.06719368800517	27.575847362352	92.12696777225138	7.804839933193102
1955.927177061451	34.58713451327084	29.265110980989334	94.10953080827998	9.12733560167538
1955.738738612492	36.04851290234107	30.604852998982018	96.9985426632477	10.055220360621808
1955.550300163533	37.521843083559205	31.678363617777013	100.43239667608535	11.002033370750532
1955.361861714574	38.953091029727	33.02909838831747	103.31603808250942	11.730478320157497
1955.173423265615	40.46780000250592	34.308792455113554	106.80534713102529	12.288598589626119
1954.984984816656	42.09856656151233	35.63149231917506	111.2379421830772	12.745331619729829
1954.796546367697	43.912682154531055	37.19607016184078	116.86595117947856	13.388116329275395
1954.608107918738	45.97744468456973	38.61619091421004	123.48692807209378	13.987445834804213
1954.419669469779	48.11556172951768	39.93830336199045	131.11737353160166	14.860160899722711
1954.23123102082	50.52764803888849	41.66074747545255	140.19388102823754	15.857739282698073
1954.042792571861	53.01773275792015	43.25038114655	149.65451664442836	16.93738423802384
1953.854354122902	55.77056003479943	45.097658336348964	159.72820252647813	17.67784772949227
1953.665915673943	58.576127436057696	46.88535439199443	170.90572851236195	18.57446788915422
1953.4774772249839	61.20677134575579	48.69669810519739	184.56624305707854	19.59934892198119
1953.2890387760249	63.810554673713405	50.38738806684685	193.57858338671525	20.614999408611546
1953.1006003270659	66.28956559741515	52.167175386143555	202.4824808171025	21.444129299166256
1952.9121618781069	68.65439490437203	53.85440790574163	210.04809106679224	22.001638106407547
1952.7237234291479	70.73171251022434	55.293708402304084	216.71372171897008	22.42205603044086
1952.5352849801889	72.56542934098624	56.64856913883009	221.1304011092467	22.67394935978107
1952.3468465312299	74.20104143531526	57.70798871376581	225.6497899828472	23.03269933247203
1952.1584080822709	75.54237227402062	58.860207422212994	228.7577946035612	23.682707592481158
1951.9699696333118	76.80027793018252	59.965163257857796	231.27209165677485	23.896042584237925
1951.7815311843528	77.78453458065118	60.74089495416689	229.97052095659268	24.306954301796075
1951.5930927353938	78.36921175138872	61.398292873929925	231.73448417760548	24.49642989449651
1951.4046542864348	78.79541441258888	61.622487949532534	232.63467591182206	24.55920588879579
1951.2162158374758	79.27055249794633	62.18772337308782	231.3573989632197	24.63624921043178
1951.0277773885168	79.68034319864549	62.56015462055848	230.93256071935366	24.608875885898662
1950.8393389395578	80.43372843803279	63.30349508182991	235.03746190417306	25.15624513720539
1950.6509004905988	80.60539379911016	63.73331394900758	231.2684113266675	25.662516909145456
1950.4624620416398	80.27782796575688	63.67747545031445	228.3164006577942	25.57475608822899
1950.2740235926808	79.80686259610775	63.31452648170288	229.21044432504456	25.576385853725963
1950.0855851437218	79.29121569269212	62.46229277170559	228.93075588612362	25.34625540860505
1949.8971466947628	79.19897222064779	61.929691442463856	232.41567313664925	25.187315385389333
1949.7087082458038	79.55743141237227	62.481744468913384	234.50042830988144	25.059495433929367
1949.5202697968448	80.0252651746016	62.51446186302133	239.23625715911956	24.538840517761226
1949.3318313478858	80.55164255012754	61.81569578669601	241.72032425408304	24.569275705545603
1949.1433928989268	80.64699682069944	62.20839694253582	249.08536174764748	24.15022772102433
1948.9549544499678	80.73734189879102	62.39531174076503	252.13347762814902	24.164896085474396
1948.7665160010088	80.72501574049397	62.14071135492472	245.76717958307995	24.288052605388273
1948.5780775520498	81.06439122811298	62.32694855689192	249.09630034518486	24.105179228524307
1948.3896391030908	81.52484620534041	62.45699698926103	252.01338781992305	23.93541473243763
1948.2012006541318	81.84713163735192	62.038338749096674	255.76251945719866	23.575084201737255
1948.0127622051727	81.58456114770688	61.377918256223715	256.2711289582489	23.522312772719243
1947.8243237562137	81.68868281131073	61.852892799484124	259.11548463849203	23.76258338469815
1947.6358853072547	81.92892478230776	61.71373854945297	259.9415327541923	23.52811902141793
1947.4474468582957	81.96605213899474	61.40477280767922	258.79367719905326	23.740444936290668
1947.2590084093367	82.04686553111274	60.73608365850817	258.09239078411105	23.586694782353288
1947.0705699603777	81.86883514616488	60.25585854840032	259.33616794986074	23.573582506338933
1946.8821315114187	81.91474040820738	60.3798101121245	260.12211947296515	23.5194426363851
1946.6936930624597	82.25555271972375	60.554575610883695	263.3871482868085	23.301116968249122
1946.5052546135007	82.53774743901667	60.28498934136063	261.62131630231033	23.084766177929165
1946.3168161645417	82.17132461702226	59.99272605904743	263.6558034373495	22.7889837253815
1946.1283777155827	81.92079271317152	59.88337382319879	264.86007780007725	22.081440063013584
1945.9399392666237	81.75025455678339	59.19444672737239	266.2328420513566	22.017186373934543
1945.7515008176647	81.49652280255339	59.06353610902674	263.9736657717338	21.890116103914725
1945.5630623687057	81.39064909212006	58.81436027742948	264.45758166036194	21.452725718326977
1945.3746239197467	81.21311113470007	58.61497003073589	266.79871211758467	21.384919761139837
1945.1861854707877	81.3959854112341	58.155278993906606	267.3329082800253	21.12973569970678
1944.9977470218287	81.14784501779712	57.9241406220035	265.1909336298328	20.594329940078605
1944.8093085728697	81.16861545959237	57.40179455612155	269.05667255876665	20.538422336174335
1944.6208701239107	81.02065266459107	57.19613225694001	269.4938268996923	20.090687047774846
1944.4324316749517	80.82871314319765	56.882128812269706	270.4024874059435	19.31165150072112
1944.2439932259927	80.57868956672951	56.3018542314462	274.0722332937209	18.878614316680576
1944.0555547770336	79.95840998957873	55.84251693804376	275.74314890300445	18.3262901396979
1943.8671163280746	79.31291178077315	54.86099826267373	276.84518711573554	17.626775647428552
1943.6786778791156	78.72191030934545	54.15543254418999	279.483561899032	17.148966365121073
1943.4902394301566	78.37558523784779	53.71256920504898	283.5477545054569	16.45413642956533
1943.3018009811976	77.96572095159519	52.97709397435556	285.56031672781785	15.68957047026
1943.1133625322386	77.42438823438806	52.406731418411	283.82097389214505	15.114498486428493
1942.9249240832796	76.91859442842798	51.57841900997931	288.62024768865086	14.697051846219825
1942.7364856343206	76.36792065914622	50.88527403620287	287.0270812142771	14.051702162665064
1942.5480471853616	75.75568431986302	50.1356912732843	285.1344485816518	13.679130233311291
1942.3596087364026	75.02614950243306	49.522579200423884	286.71224702027587	12.916142112943959
1942.1711702874436	74.13782016332178	48.96638224571488	283.11393008009514	12.208648816759514
1941.9827318384846	73.3378423578348	48.48341671731204	279.717081569408	11.807916930908672
1941.7942933895256	72.51831100671637	47.60749023099699	282.26822157095773	11.385784920259708
1941.6058549405666	71.49144190595369	47.07378429502408	275.0977495482348	10.979356715378888
1941.4174164916076	70.88558905679062	46.377343634670154	276.4408676750225	10.506597804191998
1941.2289780426486	70.21530225010135	45.56319766929403	274.51808175335253	10.031248403372873
1941.0405395936896	69.26315594862956	44.88346841815838	270.7624270863403	9.719887190068048
1940.8521011447306	68.43639077230154	44.372047133946396	268.50141743131775	9.181641346617248
1940.6636626957716	67.65470828931419	43.5854254505207	264.0181650205056	8.505731130000818
1940.4752242468126	66.90450264470863	42.8116332233783	263.6348448558407	8.14556314026254
1940.2867857978536	66.0636147167757	42.22048639688116	261.8607900484458	7.750595183288955
1940.0983473488945	65.15893343845576	41.505777868801665	261.835657817423	7.338935364388544
1939.9099088999355	64.30870495738266	40.83393540925414	265.1847693657006	7.0337046401554835
1939.7214704509765	63.45404266457894	40.15532583931936	264.3127147444535	6.72725613540466
1939.5330320020175	62.66040157217578	39.452973701435525	260.714326651424	6.431808951379656
1939.3445935530585	61.83237173483398	38.80267051661921	257.49300845271733	5.965955500131659
